%YAML:1.0
---
intrinsic: !!opencv-matrix
   rows: 3
   cols: 3
   dt: d
   data: [ 6.4134132078810080e+02, 0., 3.4105570533957672e+02, 0.,
       6.3991879777570716e+02, 2.9827234508764462e+02, 0., 0., 1. ]
distortion: !!opencv-matrix
   rows: 5
   cols: 1
   dt: d
   data: [ -4.9067738431388075e-01, 2.4560969025404245e-01,
       -7.3099711141453357e-04, -5.3575216319535774e-04,
       3.0064782764047528e-02 ]
